   GPID Precomp Postcomp Posthior
1     1      15       17        3
2     1      10        6        3
3     1      13       13        1
4     1      14       14        8
5     1      12       12        3
6     1      10        9        9
7     1      12       12        3
8     1       8        9       12
9     1      12       15        3
10    1       8       10        8
11    1      12       13        1
12    1       7       11       10
13    1      12       16        1
14    1       9       12        2
15    1      12       14        8
16    2       9        9        3
17    2      13       19        5
18    2      13       16       11
19    2       6        7       18
20    2      10       11       15
21    2       6        9        9
22    2      16       20        8
23    2       9       15        6
24    2      10        8        9
25    2       8       10        3
26    2      13       16       12
27    2      12       17       20
28    2      11       18       12
29    2      14       18       16